$ANSIBLE_VAULT;1.1;AES256
63376162303036336566323734353235653766363264353030353665666635396532383830343461
3166366265376461306365373763643866616239666666650a663134393761326465333532653839
35303330313937646436373733333432396538623831313433373835376565376666633861333937
6232613430383131370a376266356539363663383732366465663264613837386130353033313732
62643231353035653231666136346238346334653639356438353562373439633138616366643062
35376436666237393638396135303366666438396234653231383932353932333231373466333833
34363134396437303363613566383032383265333632376662663631393036373139326263353564
38616665613765303830363164663039366464633563363839396630613739303061656331656263
65363239366465666665643233316662333964306362353930326634333666356461636239666432
66353062633764343633666366643637626633613162333330373432336431303632353763613136
35623633626266353164306262636535366437616537343966346463643339353434396336313338
35323435393433643237666139636530623539613664336465356130336538623562386136333336
65653438383062626532613163653231653761303039336536373735663833376636636131396130
64343966656332636166376634663232323334626663353261633962316530653963363761326662
31306261633236356637616439306630633339663131383634346263666662633332633435383161
65646163376232633731333033643565646237613266616631333534356238316538376534666531
34386335666466633137333936336230363937663334363763333939616232326234636538366639
63623436303561376636643930356538626132626238663365316330313138356562323762656430
33396336343262373334393034356639323033643036633735613736393062373531346136343864
63373565373064643063373133366639353161383632333762636363356333336462393739376335
31663030356631613163346366336261393663633165663135663062323631356134343733386464
39376230393962303663303733626331613334323462666632353135386463653331623339303064
64333234666666353162366139323730393738333336336434613261386637353830396663313538
62333231323964323033376139383238663430386632376265303934623230646631376532383232
35636233633431636236303236633836353166646534653238326230346639323031316334626436
61343135363236366461666661306263323861333732373130383332343033383465356235383261
63316631366265613466653534336232323562643363663634626137363235393832636338383532
30656235636235363665646139333464626235623339666664336666393063653764623761666535
39616233623932343030346663336463333431383565353237396635383936613836646437303536
35366635323864343334353963636137666237393934363132343938623130653838643161653639
65616638393566356539383535383764623332643037353239373161393432303439636364303962
31333734353732346465363165386335613634316466656164646630653263626239366161336661
39316362663430653736663731346332643866303464366139343834646331376333666436656134
65343034636566633936316361373339653039613162313335666238393932353731313063626562
30376365656430313066396662656332376165613133303662333365306631633139663234333030
63366338326237376666626538633662343433643436363663336566636338326530383934613764
32336538343830306339316366616438623937653739353838303535643234613239623866323439
32653161313335633739656665663161626161343130613530386433376366323132623939373562
34656438663836656238376137336233353666366338646461343030383966623832346563376537
66396439393662393737613934363430316565316239393836643535346334386337393233373730
62633236636366363065323238303138323562313263373030346538333335343330663764396234
61396466333436653964326561616334366437343931373363656563343930323133633639373730
36663435376165303562653434626139626435323434373838343864316436306563353863333333
31643839326561346235376165663235656461643331336263353231313439616461663239386635
35653032666330616266346333646337303138613731343731333465666662346439303439613531
62393834396161333031633265323335346463646138303335383334356561353638366238633461
62326638356335353866656265616266623935633336343837306166653161313432343333656538
30643663643332396236313230386436356663383036356230323830616464343130396635373261
61343862666636313936376430366235323632626565366162353633376332373233616663346434
31323930363435343333363339313430323737383361396637313734383064303864326230666436
39353939366163653638316665326466643138623536303164646132373663343131636236343764
61613664393038373861633866306631336462663435643066636361643461313637393861366137
66343037386564666161623236643564616561303034323734393735323331306264303033663363
36353939396233613265326238376530616362383934336636656231386636633934326166363261
61356563666330366433396666393737373466303937343435643935306665323630343263666134
64633766306531383937383933306330666264353538386463383964396532383031343966373837
31653563376466623962336437393031326663303036323833386464333965366562623632623534
30663434653464633138383439666635643838343336363962663566366330616236353465613265
62366537333630303533323465333232333335626635623833323430626564643030323937383432
64643438393064623035616139323865643834303132333934663330626662633933346566323833
64393932353464363933326663383838613864323439363066343533333137373031353364333732
64393865303361373263636566306466336535303964653338393236653732343838326562303533
32336362613139346431373331613930356266336530313337376537653165376532616462616634
39613265616531313738353632313961323636376165663133346363613763663430633532396261
35646333613238383735633262646339386164363564313332623832633934643561623331633635
37356566353139306238343661303865393435663463646332643335373362326230613433363935
30363461306162383236356631393835616661326364616231633166643539643166396236623066
35376361623838366334303239653661326439303234346664623736343362343535636332323365
63643834323264643066343636383837383036643764323538666334633232666530373364363564
34353335636461323638623362336464393539303331353466326564336133636232313164333135
33323736343066343431376438373666626163353965346637613662343838656362373935323266
34663137623165343031326364663166323335393236303036383166363838313535653765656434
34653561393466373762336133626335663439396331336637383137373237376263376134653262
62316633303437366562626464343466383231316265643833306437343338373230383234333332
36376332663937633833663461333438613962666665623837623132643234643762343531656661
37323431316234303136376539633435646135616335313134383161363062396235346335613466
32653830353666633335386132313231363039663566343333353563363833303131363630396132
62363035663230653761323035636233363537616464363735373330323466376664396138386434
30656164383933303939633037333830383630626236666638373161313863373033356636343530
38386136646266656438316137646637303934353239396162316461323363353866333038386639
62313033336561663762623034313233616263623735313236306631616134393565373230323935
63366564633339653332626137343235653231313966633837323839376135313437373938373831
62633166343637383136616438316536623165333065393164336362643930383566316561306361
35666337636634646261343263353664613836336362616463663533336662336639616635653238
30333830373631393765353863346330663839313234626664333237396632656463306237636332
33316237303739636533373862643930656663386361373533383663353362623236653362373334
64343263643432666332316236643564656537306132656230333035313731656634393337663765
61303933333064386165373337303136373636333831303261376666643632633839666534313038
66323630376335633731363133313234396130343832303035343032393538633666376566363361
31623331376231336534333163636265646234643363616163626132663236626433363030646538
61366639333835343433653636613538373166646338646361633833393265373830626538643531
36373130363531363332306136323863646136316135666161383138373631386165373636356638
35363230326561653263653137373565353434363032333030323164323166326432666363623633
62646136343439326538366231346535613262626364356630386335306238396534363366346234
363862323937373633363934306432396337
