$ANSIBLE_VAULT;1.1;AES256
39393933643963353637353135363466653066653233633339623535356264333332396564326463
6530613266626432613361626262346637613832356435630a323265353663643331383161366632
38363534343737363635353930636161333665386633366433333064316536613636356130363037
3232393638643432380a346563326330663265653633636266303131316234366262306131326564
62333938353839373433646562313535383738306361623137323765316532396361663432326265
39373738373736326339363235633065643761313362616561633166663038303330323461623230
34313563313339323331663139373162636339613366613536363563343763643563646363383361
37353837613664356235353931323939353765616234636162303531316366633965613361343636
65343634393539366461343033653838346565326236356536336636396264663164383534373433
61393064353462363139646332636132373439316639303061613266326561346361366230643934
39343662623561346263393863353039393462663764386563666236633938633338336136656333
65643137343033633866613836376462613762666636343030353435353536393834333863333930
64303634653838306231333263373135636336633233333931363061373538656235666237623136
61313032626432373236343865366633333264613362373735653135346464396364353839346430
65636363363435323031653633383139646437393764343135323338323533643564303132333061
64633130346339323033653430333939626666353238373532323965306435353562633131346562
39343432386563656431626135383637383332366331326136376131386235373564343731643034
63663932323061336338376130343230306430636233343036653139646466373738653531393362
61353532666562343863313234623530373161396333623436396337616533323964643136396165
64376339363634363035333531653662666534393533383532333632643438653365326339303830
38616163383937343966656638393861643935643936346266613335306664616162633364636334
61316162653333383632623534656263633365383337623437663163323461396539643530626161
39666533626434303637393135336264346433633432616335346364643033363936396662356633
65316331343365626663373664653837393261613134613465326538343837653733396534366462
63306364626566626436613238316130316337303131313665666331663031353065643162363030
30336134376264386537303537383165643739656664393931656631653330333563376466656433
65336630613463386332323538323130636637336166313836386638303531663332303966633435
66363265653533356137373864623634613533336530643233616135333866346365633639356231
32343963316630326566653132373732393133616164636432386538636339303233343364653230
39633139663561626563623535336165336231646337626430623861353063303631313465653161
37363033396432643933303132663365643234333066653838653336346461646163336435366231
36666165383061356365353231333563363638323665366664653562623136663536633963643735
37393663386664323934396530373830663736306136336437643230326161653966363535306337
34393839303261333032663766373935306261646265313539663738373836353464373732613664
63366162393261303065613064396639323634306531636364373334643533303933356363303830
30623633356136333962653935613439663764633431373436366333356366336132346133623730
35336163353131363930616435393937393830356431376234313739313335333566623232326534
34623063346330376663656439316564623765393865363864316134616534363039363230363066
33356133373062613633636164663062613963386563316636333538396539633037653064303564
62336162313866393738336465396635393635393061336133656431346539663136626663393839
30376265323533623435646131623933653233353939353462653731323363643533306133373038
31616630616264306430303230393562376230343661303663626563353537623664343031343031
65643933356334623564306136653166376462666132373464383238323736366139623765313532
31653335623836356333396535353839643031633964303435386465323235316437613562623066
33633139636665633333336133346334613064363966373466643230356561333339373435383662
32376330346463613332346130336562646338336262373466383430336133323330313237393561
37613331373635363963303039313439613834643364616565633535346331373436353534363734
33336362643030316263383732323163636138363436613430656334326261623665633966393232
37306332643561313966313334353536386237636130393031303839636136313965373266393466
35316663663932393833363837303263346238373663353463643566646561363531353762393162
61366238393364343863323061356238396532633738363466303730306234393534336363386230
63303262376664323063656365313764346338313435633839663765633235313161306562343564
66313261323039643935346265356235366363356434346437336133306263643836366666373963
36633335663933613931313035303662343737633439313131353138333663663562393466323465
38336565323232356138373038316534616566626436666637366432386135356432323030323334
38323866356461396133636637646362653636323338663339626236623363376331326339623331
66396132353262643361623266393838353734326264643232313661636533643834333837633337
64623663396661663630343663616434373935663833353662666662333739333835323463386634
30646264393830366130396238323037316231613335643164633835616466336531393234646337
39373064323364313930643139656262633132653730653236656263373865646631626265316665
63303237626530306230383538303532653165356464653764653632336231653933656466663865
66666430303237636436323164393332333262646566363638373831616362643164346162353934
39653633383530623135343036303935353030333562653239613932353536373739653366376137
35323863663236386133653232363531616139386662363561353631313433613933653764646661
32373432633435353532376537646534653761383839613839353664633665313066363966616637
61663166626432346665663132353661646138383337353164336663663937313465643062346162
36653931306563666631666566356538613633353834343030623931363230373963376563326231
37333962636636336434333033653861623835613837393632653839656535363333303939656364
35326336656562373331333066333362663566366639383432623732616138643466353535383532
62626563666537366438633065653733383634626366356531363563626561653066376336613639
32633036353462666638316132663438373539363564643432323764633463653934323332313164
31666637376261306438303361343138623430666437333563363139643565366364373338373831
35316539633964366635656362663262613061363131353436336235386531303437323663396239
30653431306230653139666639363563623561633161303032653365653464643631633937373365
31353262396337376663313266383430363538376439323133386439613331646636316662656662
30303863363134656464313733396366306339306662653536616536303063626530313738393839
33663761313365353130303831316330393633643831326136623661646166306663663032376532
38303837393766323431653939333235393063336365663233396633316564643534653265303738
30356539323061376531366362316130623936643030383065353534336361303635343836393365
34353331303538376365656364376339303264643437376330326336323264346133343338623362
32353564333731623262346533373162303465616131626338326334373661633661636334626332
36643534393337613036303538623633393232633237303430306463396665643264633732646336
32643261663038353038393466626239613536663936616365356165356332323138363461636363
35666531633062346439373465643335316664623163396532323963653234653032643931346364
61666561336264663539366564336463373661626466383533373563633538323734363339366637
62383838623236323835376436663634303938616235663238653331323261633562393562653932
61666630343037383366336264396166636464666566663333666165393466303133353464663362
37346663303262333766633032363061616663323439323364393531366565363263353364383136
66316561636563316564313138626665613666356261616566643061353630623866303266633863
38633363626464376437613638666263386138306636366536646662376662333236643462343634
37613730663539336535336230316535333461643032633364346235363037326437316262323232
30363534613365326336306366643662316230663032353666363831336165626439653563616539
32643561386262656231376363303930393935613635313330376230363138623463
