$ANSIBLE_VAULT;1.1;AES256
63646333316564633763666634663037343137653534633234353063666539313762323839333438
6330353037383666363530303037356661306463653634310a363036613764313461396362373961
61373036303463646561383639653963383335643838366137303230356330643066356130316463
3561386536316534380a386465343637303138333631393136666166306463653531313337356432
63363138376165383130393431313263326461313030393039346234383335333666363231653137
39373235613630363562306162643737323538343864346261626537333638663366363765376437
33346635346539306561363563646262303535363931333534306333326462646533323761633438
37633964623864656336666635363930646363343165303163653838393239663832623966643039
31363936353162663036376463323863393037653533346561643965383831623536636130636631
61366537343839633038613833333131653962653562633064626333393461303435626535393361
65376134356266303161613539323933626162363865376633396638353961373131353262333763
31633361666435323933316335663439376139376636366635666662343232376136393362373633
38653331623037393465353238653365636439363861333335353262303765653637323439306437
30653665663738663861333032353162626537633565623564643939666336633632313937643439
32636137353336306263303434643935646232616237326332333062336238323436343662626138
35373564646132623638353165343234646130383363346563613235393665356630396330343164
61616131333535363135366462363265313438393734323961353130393063336533326430316539
64316366363437653233376363383436653564343634356234633838363462336132396139653462
66356439366561626439633134363739366262346234363037353462396533616338316466313937
62386637646336663064373664613730636361643963306264303436386238633232316161653766
30616563623364633433646663396661306635306339373539626162306332623034396431623265
30303862316436353063616534623566386263636638353961343633636333653765633365653130
30613139393562366134633366343866326266633265393861643031633237363665313862323634
37373761666439623661663237663135333931373131643962323235386463346532666237653138
36313233396638336238643933643265656363336432383336326336646464326339363938343835
34643631343431663230363561386466323866636464636565623339343435626430306238373261
61353938366362666234386130383532313630313162333162393032663665353064363730333965
65663330666438363864356563383666643265623566616434646661613331393236356565376363
38376664633833623338393232643664353835616666366338356136326630396630316265343933
64366666306431356633383061353364383334616336656661363734386638626538303966386261
63656662623037313734643330366431323832323065666239303035336262373863656663623937
35316237666238303434303234353437663364353731393165313030383439306635356430623463
61613666336266326638386132333463633635663739373462323830306664653431646465383966
64333066393733643531373835323934656266653766656631353134633165313664616166323137
38623562346266646661396561383065643966613663373135343131353264663733383532353830
64326531663633616636393434306436333435653434326366326338643939623230623566383064
38303139343131616333383566616334626363303130623365333533303263366166393362313862
65653765386663376636383831366436393463323632393832633864323965343031343065613461
30666630343866636665636131313437336533626335333862343339306330623436363131643765
39326363386434656137363833383466306361333330383761356630353430343861326434613130
36306264623132633933656539306136326230353631323364383739346563656262393233633137
34393938636266346363623239303538643063636231346338376539396562313765623539313139
65323461366464353562336462393134643137316338383831356662376136323265643437363662
64623830336532313138613965653136613330386131643433653563353632656561393032636533
31373633376562636530653637366562633538303962623232313065633738336332393630373239
37306235363835333863663638393261386636393830363335393530303138343935363434396638
61633565316636366538333739316630373038373836663136663634646430323435623232306335
61363965373337363362646430393938643533643138373939306137353266323864656233633435
30656565303834666466613935376637313739663564393061643831613935393033653764333637
39623663613462396234666263366436333031663139303334363033333035373237313164353861
64623639336266666335313263356664303663386136663861303832323731666432393338656463
64633163653131353364343464653563396466643661616536646665323331343566386132303861
38353234366164626133366436343037306231383930366135613038356139313839306566383034
66343064376134646238353732633738613261353031333363663037353461386630316430623838
35353265656234636636626564613763363966316364643930653438376431343662396337633032
61396465626439613262633437613061393965326463393235636462636163343631383738343566
65393062616434643237396263643361643731393235663863613062336430396136623266313164
37336561666435353939613262366537313864316436656463303836323136336531386562373366
32626231376334323239353633663738316561353532633933616134333331366634363135303365
34323066326233386363653666396461386363653737353737613039653839323930643033393937
31666261376635393339383365626165366265393136653532663263313465323539386465633734
39316661373535373830386432363866346432613866636461653233626561633262386633366166
65333365633539383137336530363063313632313832613234373432366532663030313262656538
33386263326133626661383436313664646361373936356239613865653936373163366635393036
62373165623530666465333163303062326364653364633239653535626466386130366437326533
36353634666265643362623134316462316433316538626462363664313331363763643834616438
35366531343936393637383336653264313761346538303962383534303032323163633032353032
61353564393532363762383063633638333333633062316530313261333537306535373436303866
64366262633330366136363636393266386133646637363731636133356536333131373630353039
37313539333435366236326434636562616335373231376130643763663337316335623930666461
66393632356361373066396336356464663561663132373834653631363965633363393063373565
33316461313030653061353931646538626633333838636136386663656331323038633430336564
34333735656637616365643064623563623265643038633939653738303830373831636430663662
35393032363964613730623233633863343937353638656330636435343537633461336662306430
62373831316439623263383464656330343365663737613666636432613261343030623339383334
63666363386561623631363161653566633066383633666661323263313434323139653530303163
65383034616439613565646532636532323533383438666238353039363861653564623364396161
36313633623136363436633761393061666438613261663230363732653838303766646235356233
31613330323237383437373161633530353237353734643361323732653665393261663332363639
32613762373834623330346361316432653933646662346438346566636236636530653232663363
37373031396234323665396163643132333931613837383531633662353932366631396266306261
36383161376463373033376366623331346264633563366136366165636339653561343034363633
64626131663065353633303234336266313833643635343630656333646139613765343262323738
38353263363431353037303834383936393434393637616631313431656164666666313664393561
35326638303238623631303238396631643261376539303932393162353161376237623433623331
61306664326635306139383439323964643630633166313263623966303833363734306561616338
63616663393538316363356661343764353138666632343664353835376435633733396563316261
30363531623462313666366630326334646162636335393038313339383533336165326336373632
32376663303963663864653637343133613133353130633837663263653830313633643533343737
32643365386138343733323565656261623163643664643533646436323065613536613234386465
63613437363034346433333163376364633337333433303533323230313438346232623330623666
31343833326263623030343165653664376163643236653438636330356565333664646365653530
38666663613661376365653365306639336230623438353736633363613932633761623034616233
36356534313931303535616265343639356161366638633636346266366630343665323063303835
38633262623035373363653463343164353232623532656330356664643762613934636235313464
32323330643265626233396630373266333435363033343964303230313462336238653634653938
39383162343563313738383065643137613331356266653632633061336335306463396638363633
65613536316466653362323563316162373462623434373139623534323437663162346165323139
61653837356561393163336162653464613464383638336633393364376661653838343936386164
37346531353764343133316331616363303666316665343264633664333530333631383164323332
64613431353335383064373161323166383932386135306439313934616261313762333734656662
39366136656465303361343862643438343431303661653835346462313034323632633139393463
35663562326238656266356639633062356330643635343332643730386261333033336634663636
37323564376166633936343031616532333531646565393638613235633963376466666135646130
38633661633061383364383739373730393762616537363866393630316265323335646166623130
62646466366137346235303831323064393962336433323434306539333064643964656130643561
65373865626263643639643737396338343361383237376563363230366639646163626462653538
33306661623735376565353435333365343835376135326638666138653632353630383335343831
39393436613566346433646635393230383566303766656533303062353839653930326563313033
34613130353733373236356636633635376236363239646662626634363763373763613761386565
30666666366230336237386334663037623131666139633935383834326361303566386135393634
37636137663461383330656666353630316234323465646562313533393831343235376663323638
34366433663136663735663165663431323332356633656661363834386266613033373332373030
66626236343837333165663735663061623661656435336464613334303562626435303539306434
36663763656139646332663062333564663038623832623135663536393638333631316439303034
65623761626635306536383666373462373739306236613561653331383136633833346637343033
39376461623238336435303932656565353164353432656334303564356437343338356234653965
34666638343965306438306461623138306462396161366664303234396664663463323466643139
38393437663636313938666561656131643038396234353034366237633139376139643137306366
36316563353161356332613961356164306163393035313065363236373836306564366332356564
37326439633437613139396564643039343862343537376464346366643666343138306563393638
63353661376639323032366139386333653765333263363435666536656235346337353562623661
34636562623239366335323964626362386161376262666132376234363038373136303832613237
62333031313339653431373639633736346432626330653466393862356533303665343438633633
61303165663631646263333536363433373436393363616534396263326266336234343538396336
37356231366636333739306439666666306536633634666236396330613430666163363264363431
33363034656231343364363666363165636230363265306535343937626134373664333936623238
61323230363839306539623432383130386636353436356238323337396562333539353934356639
31386437633335373564343365323063393632363562393163666532616266353638646465323331
31313334303333323864373864663065313835313238343638366662313238346434653633306438
36303535303066303236303631643132623462383562613631623562656239623433323839353962
34646464666666653166333230663832336334653864306638643732373234356162663439336666
30306164306632666466366663616432666239393534636566626234333365643363346461363562
39306261373162626433303666303639643733353431383039653132343362616538333231363230
35363031366362636430343761346535393364303338383239366135383066363632393732626566
63653134643938633134373734366662633761336335623837633430643130646230353236323037
35306535356334313566323464666535313734373031313637366530393933313864613065623761
31313434636435623662616635666139666637623038663739336163303833386661323534323437
32663066633861616534363932646166306561633466356363366636366634633833643839643765
38353237313261373037643533653630343131626138613835386665623161323061616532653634
63326262666366393732666538613337313037643930636266323732343330386135363435653863
31396465613937636163356263646664356633656661303365663938613866323039333762373037
35333663363437396430346436633136326232663930343366653963333161326530383361663163
66653639376564666631333031363532613933323832363164323737636363633862643761396265
35666662373933656461653166376236343931636237623730656535396139346164616631626265
30656136623165323931313839613066626132646439656264393739623531623235336135306163
38393164643062323530633233633831393764373036333662633036396161663436326434653436
34306532303230643661383434336366623630643936643333336635663334363638663264646639
34353161386438333435376633643238656535636462333233613261383038333966353732316631
61653061353439333633333638303866656166323063383838373137386661336336303763343138
37396535636563323535653334646162343532373635363566313833393436303232373636373561
37623566306132376261623464613063653463336338653261663033356466653964343764353539
34656239633363363438333663333662386362366466336161326338303864363432386264626333
64656533346136333465616335353633366132336330303662383463613164623136393063613733
62626438313834396663383138346639613634316630623863383435613331393938613932626466
32366338373435306430643836663766666635613233633133656466326531646434613861623832
63336338666634333861303430346439383663303036376662663632613732643564353036643065
31393736346362326266343738366638333063656136623534633164363835376164623830386264
61323137363731623731326134616266326636656638376464643835376531336335383062353638
37376230373437333239326562623666356663353035343362373962373931336534313365376632
33303765306166383133613136373433346533343830323231616431666531343463386439386630
61653164396439383135323431613038313435303031663335323332356162306266616334333731
66383664336130303139623433323730323238323938646266646630623464666333636263613532
63646230396635643430613530653162656330663363333038373334306538373765353332646235
66383636396463393436653737613237383165363266306363366662666635313739646361643632
3736383733303361343637386163663832636462313737363135
