$ANSIBLE_VAULT;1.1;AES256
63666164613035336635623532653739336363653935303465656133336663653139333732653566
3339346533623066323262356330623434336532646364380a396235306562626236323562323539
33376130633063336463386536613163396335333237353238626533326135336166663839346437
3237396561623534370a356661306262336164366432336437303835373836353135333033616230
31346133393933636537306266646463316332613462613839363131636366373537323035323839
37636462386534323530613835636135633535346565653864323939613635636334653563663130
34623166343233326332373639626631363766656336636336303763316131313739346439613665
35346666303334333831363139666639363939613237613464323562663966346333646334623437
66383234666235656366633939646633646564613764353465653832326466633362646661643838
32613662363764333563316438386262356535313135643334636137323363396162383838336631
32313734356532623463663331376133323964303563383362386130333035356139363662666138
35623632363564633265363863366361613065373564363162363366373136313330353039326331
66356635626236303139306538313431383633303061613835656463626563333939656666613737
39356436306166353931333765366638333433356230646131373338356664323731323562643439
36623630343836323663313065316132396562343636326634656637666266383137336539376164
62613365363463646135653034653839376437393662396465663264313636383932323063666231
31353238613537633965383566353433653339643662616463323331366661623139383033613730
35646562303035346232663534666563336536643835396136393438363439313431396534343462
37643731373831316361613338633137633761313534626162646630323236333730303265363961
36363363346531316636303433663265646463643763376263383537666564343033616239346661
38616139353839636135363136306466383563313736366466303835333662336537333337366234
33666530653466343636323465663335396539646463643266356237343132383335653039376138
31353263643730313862313263653532653366363439363036306332303434333031303536623339
31323736363862626531376261383231393932666665663439383765393864383733343132613164
38626130373762393233313563363438366433383661353465656561303761373836646265663936
34363764396434386339303266383334356639343931643861323665336566666637326434616137
61383664356230663438326532643835633866306239326531316265636336316536376436333239
61636466346163393431636564666438333139353130393532356163656231393138663363653866
66306264646262353734376661376361376161323338383835333766633561613632323030336565
30383365663931333635643536383962656434366431396634616238626461623431386639306639
61383037316631343063616137666566623063373332363365386438353636623037613030613737
65363330396233363832656365633836316230333130346137386438643561303833386439633730
63316266656163396234333839336230323861313062663131653565323766393637666434376535
66373932353566623036636235323231653135666538326238633764363165303537323961306235
35633031346135323139346562313633393337663939666639346435303833663131316566343361
66363566346638663162363430633934393666393038393366613964346565326136326665326134
64633832663639356235343933376337356635306265333065323163623062646536633332353839
64306632393162396233393633643638613665663034303237646461323833326432656334336235
30343862323331376563306438353062373339313866643637353564363738393861386665636639
65343635363239386163336631343531343161623861326434653038633266303232303338343231
38323132643830326330346331313461626239363362306433306262333765383136643735383864
36663764353537646633666335653134633934346463373664373930653762376565326434363431
30393165623332316662633066366434636137383137333661616566333863643134633233333932
62356466643063373964613036343334653036346433326661386361393232343462666336343634
63373161636332663930613836653531373036666630396661303263386666343333376466623066
30646635303131396166666462616637383334366537366139373533643631353962376662623136
34376434316466636465663161313339306133663138353536666662646235656135376465353139
62376262383830663539313035323235356233353263613931623839636439643537363463663435
63326130376266646439653439303834363764666135663966303531376563393437666333343031
33336438353864373631316234386435653263373033343765346336303839346166663536373239
61366439623135626165623063396330316461316162663563646434383863363438313966383239
38616237306439386161323566336238346135386639623230633833616136393936323934383833
30353733383965633431393734333465383864613932393830343830643333633230623163383964
31306538656234633266366539616162633163393732666232333537306562613537303366393933
64383732376264633865616239356437313263643136323465313438393138356130336434306439
39306431303765376231303065363534613436336633386334306137336636613434626432386130
62386330613034663339633630653061383933353264633161623730343962393664346165613361
30306633346163376366343163376361303365373766336633323831333162323939306232316536
62306165353530363962383966393865646637666231633233313364343536356636663637313263
62366432666562646531326366663036306532343339363437353166656538636163326463376632
32643163353739653335393538623262323161346164386233623036663566633264313866323664
65333236376332323566643738646466323666613137653331373563626236376234353633626636
65303962306237383365376334346430386432373262623566386366316263666361623062346539
35633166393637646266643963346437326135343836386665613931366639363631643835366233
31373665313061613833656136636237333363326336353161313661306335633934346332366136
61303433313138646238386633343738383032656236326362613566343037643636666337313932
36316133333863306266626365343237366264383934366165353862363939353461353364373765
65646339613736326466396532333339646263386336346336346565336163666663626265306662
38353030643565313532346137643239633666353532383962393532643231346332323231383235
62336631366532356337366564623532396564336265623565616261633639326665303862653632
37666331363138383934653762386139633265303466393731396630323839653639653234323435
35643430373762373836653762366563656438326136303835313963616166353562323730626361
31666464663965653431363132343237373635666262343833346231356331356365303631623964
62653634623630346366633835313039626632643030613064623661373166323633656262346137
38396236336334666531313234303431633162643638343539373437653233633264653865356237
34613365363466326230396239313063633634353865666330666336666166363738666365623636
36626366323538666532353731316365333531356666303037646238626266336436333038396262
37316261323833363838383132323632313433626162313365313432303032306337316263353166
33303931303965336233323834636238393361313835646666366563323465316234323564663961
62346634346565653636333563646163363863626566343538396430643130356331626335623332
32643934313663666332653532633830373431383761656362326663633136353139376363303431
64333330383965393434353737303435356163663963393665376533623261633165636132656666
66663835643735666464373761323438343130363339373232636437663064303663636662613035
31356163376462633334663163383766393930613761633465343765373834366361636266316534
35633362313836353739343830373833373163643536393137653238393330663138626138353530
38626637303235663630333231653933313761636238323030393131636162623065376231616134
35656234396232646337333764346635653530343635396461396230303532333631666335353839
31363164663639633964
