$ANSIBLE_VAULT;1.1;AES256
30323335633638643733653565356663376265363238336236346432663437343330663665336331
3861613765336638313665326433623263346537393831360a353365303364336561376236303035
35303337353232386338636363333034663634663463323939353433343832353739336362346537
3734323663353065320a656532316664366162376430386231353337333539653263626364393063
62316136623534643636636566343637373634666338346536646662653563646536313135303266
30623965636461626439373365636365643666356464376565626364346362616163663534643535
64323235383238313836353964613662663365333938316133313062663635643662306431333838
34373661346465303563613662343634613635373833353733636238386462303766306466663231
38643039366161373463613764323465303132373638346265633835313536643865343761613234
64653033366139333230626539326231356438653135333231643066363633656338316337333365
31633962363266616136393662636631393832396631613430656662393739323362393939313535
63306164643837303030666635653663616661376330306635303565363432383962616261616237
38306538326531656165316633373664633562376237333361616539343836333462623337613261
35316162666464323135646434353935376136336465386430353130336630353861326538333034
34396234343766353562633035366130363435373465353935623830323463666562396539366235
63356330323332393164366336373136353663653331653031333730363735323538343435386132
38643331346339396565636235363562663733393937636564323463616565653233376261613436
63646134326237626464353766326635376233336530663332356230316334643763333163616238
35616238626133393830393162393934653563323036386663326266366666343038346163366661
62636530363736363030313735663138653535626463373035366663386462336335393039303936
38313864363938383737336439333731623066616162656333663862366363663430373665643138
38326265333463363838343337666538376534333465643862383965353637623866353763323230
31336134373531346336666563363762303933653636643232353535316436396364303962336633
35343137323463323037353731323364663139366263633461323664343435356637356138626663
37393236393633623262633663326334343432306434653562326435353165393738623439303134
35636531333332663238366162656661623139313661363161663834663133643531313431313835
32636133316137633335373437646265663334343664353461313664373330393836346236643934
33653065363232643837653235336561303361633937663737316437386565653139616664636633
62653831333862313863666532363665626639633962393234333835323332366363663436313434
33633635633635373361633364393066323564363566323362623834373661653539613066396337
38636466353261643332666565316230633532316233396639353734646362316431346336326639
37643866393331643633336666346334636639323034326332353031343965303731643363653563
61626161373437353630383663326162633837613037343631323737666262636562363462343066
30613833666533393536656664663965373365383063336139303233383639313337386133326535
62393561303833623633386635363438613163356131313763373239646136313464623862306333
65653763643837353264666665363534343330666133386237333632323562366366316163393161
31386665333762346331623061373763643564333861363731373036396566303735653939353361
39393862303461643666613762386264346663386230333539343533363432643937363634376239
37396263623233303036643135323064376665633531333336643636646432316433316230393434
37666336616330393738333965623535633435386537326531356436303434366536383637306336
30306434306131633038393166646233663935623161386633313462343665623863313836323838
64653564653363613730643530363139656563333731386264393433366666633337376135323932
34396639306334623166653130633665333931343034336134666135616235343836633333356265
38656638333634373366616165383062656536616130656332323334383931373664623239376561
30303337623264336339616232393630316337323564623537373934363964356332303665316638
30353730313830326264653834643266353264346437373435343833663339623266343439386239
65653363343136653035623866336362396637626265616430356562333766326537623536313931
38653633663765613332306231626363343736366263343465643239363238353431366235623331
32333564623434346463303463646232656432633338346534623031343432383231306533663465
66633430626635343565643738336136646331356663313538643763323564353039633832626334
30366266656138636334613939326134373861373661643135346234346663376635643432336436
33383762333365633961333566666434626131306630333336633865663339333930306263636561
62643930616663366137336565653839336637326634336237393338653531636135626234363562
37386161343436393333343366343738316336626139333664306138643634326432343061386532
63653563633935346537623935306636653030653162643762626437613235333065616366346537
33633131633230363366346239656164636235613232333262343763356133363732633863333962
61613235373733613538353638633136306236623839353361643735363861636436323965376335
65333533646462653536336536666663346437313364633330626666633233393339663664633639
61303135643663643930336233616636316431623764636565353632316433316334343938653334
62393962336435653331613133653939346638316162353534303337333963626632343462336438
35383163643438306435383931306433646232666137393864636265356232663166366664633131
34363139306131386537383538656566663932653762626666653331626537656535623832376465
36643237346264613135326139613238343637616365386564623536326265336363343264396130
31316132643764343731386639343330623539656661303234316263376462633965303934366139
32613031373237653264666439613064316430336534323464376336653264313433326565666263
62363936613831313163633666383365623734633231373031356663383330653239333939396331
30376437633565623931666236613535653761623337396262316330383135616233353762346230
34396437303266393730326461343537323731663264363536303032646365663365333265306464
38646635623564383032376664333835393061313835366165386139333761613561383934643264
38313238636263393739666232353138663139656334626330323065336636323337646436333763
35326331653635646561663930346436363265383236623234626665383035626262616133666237
63613135393531373765383232643863383862363839396132323264623238623662656265316433
35306164363233623661666535333634656133356638656635303666623938336466366335626635
38393163303965396236353666343334633266376130613836663131346337643464626338313339
66343162343730353433323765386662663632613864623866616335353863383838373237333037
66343639643535636430373062663866363764623432336530373263316139336639613131363366
34303539336637323163333739343936316535373833396639376231323361636363383462633633
36333131316532653862396438383439643833333031363961383365666134356462383733613733
35623930643733613030336666626430346133666433623439383764626634396461343430303039
35613266333335663731306430316566633935333863663935313134313431366164616639643364
34383363323361323934383430373763323933666632626564663436346238333866326635363430
61613965393232386338656333613437653232373563326462336335666532633861386236623263
61373664636531343465323862633739633531666430613261643236333965623839363631313262
33626161383630656533303332653436356133663165316530306162643666343032363131383865
31336238326561383434356563633331363830343232366130366632393162656236373664653037
66646131666262623634626633356138353765653466613163373334636364653539313061343136
31616533396634626137303565376565643338333264303966306531656465353237323063616163
30303835626361633639
